step1 = 0.00787402
step2 = 0.00787402
step3 = 0.00787402
step4 = 0.00787402
sub1 = 0.00787402
sub2 = 0.00787402
vol = 0.511811
tempo = 0.787402
 = 0
test = 2
othertest = 10
frequency = 0
otherimportantvalue = 4.5
vco1level = 0.582677
vco2level = 0.708661
sub1level = 0.488189
sub2level = 0.629921
egamount = 0.692913
reso = 0.614173
a = 0.740157
d = 0.574803
