step1 = 0.00787402
step2 = 0.00787402
step3 = 0.00787402
step4 = 0.00787402
sub1 = 0.00787402
sub2 = 0.00787402
vol = 0.511811
tempo = 0.787402
 = 0
test = 2
othertest = 10
frequency = 0
otherimportantvalue = 4.5
vco1level = 0.700787
vco2level = 1
sub1level = 1
sub2level = 1
egamount = 0.692913
reso = 0.614173
a = 0
d = 1
vco2 = 0.637795
